-17.653 -123 -50.925
-17.653 -123 -65.925
-17.605 -123 -19.645
-17.653 -123 -35.925
-17.605 -123 -82.205
28.851 -107.89 -65.867
-2.7072 -107.94 -65.925
12.293 -107.89 -65.925
-17.707 -108 -65.925
-34.265 -108.12 -65.867
31.158 -154.67 -84.621
30.045 -138.47 -83.566
29.654 -122.83 -83.232
29.931 -107.18 -83.566
30.928 -90.978 -84.621
-36.234 -154.91 -84.621
-35.237 -138.71 -83.566
-34.96 -123.06 -83.232
-35.351 -107.42 -83.566
-36.464 -91.222 -84.621
-36.234 -154.91 -17.229
-35.237 -138.71 -18.284
-34.96 -123.06 -18.618
-35.351 -107.42 -18.284
-36.464 -91.222 -17.229
30.928 -90.978 -17.229
29.931 -107.18 -18.284
29.654 -122.83 -18.618
30.045 -138.47 -18.284
31.158 -154.67 -17.229
29.631 -93.006 -36.014
28.851 -107.89 -35.983
28.626 -122.83 -35.973
28.959 -137.77 -35.983
29.847 -152.65 -36.014
29.354 -92.986 -50.925
28.572 -107.88 -50.925
28.347 -122.83 -50.925
28.68 -137.78 -50.925
29.569 -152.67 -50.925
29.847 -152.65 -65.836
28.959 -137.77 -65.867
28.626 -122.83 -65.877
29.631 -93.006 -65.836
12.15 -93.069 -83.317
12.365 -152.71 -83.317
-2.7608 -93.102 -83.04
-2.5452 -152.79 -83.04
-17.456 -152.82 -83.317
-17.671 -93.177 -83.317
-35.153 -93.24 -65.836
-34.937 -152.88 -65.836
-34.875 -93.218 -50.925
-34.66 -152.9 -50.925
-34.937 -152.88 -36.014
-35.153 -93.24 -36.014
12.401 -137.89 -65.925
12.401 -137.89 -50.925
12.347 -122.89 -50.925
12.347 -122.89 -35.925
-2.653 -122.94 -50.925
12.293 -107.89 -50.925
-17.599 -138 -65.925
-2.5988 -137.94 -65.925
-2.653 -122.94 -65.925
12.347 -122.89 -65.925
-17.599 -138 -50.925
-17.707 -108 -50.925
-2.5988 -137.94 -50.925
-2.7072 -107.94 -50.925
12.15 -93.069 -18.533
12.235 -107.95 -19.366
12.299 -122.89 -19.645
12.343 -137.83 -19.366
12.365 -152.71 -18.533
-2.5452 -152.79 -18.81
-2.599 -137.9 -19.645
-2.653 -122.94 -19.925
-2.707 -107.99 -19.645
-2.7608 -93.102 -18.81
-17.456 -152.82 -18.533
-17.541 -137.94 -19.366
-17.649 -108.06 -19.366
-17.671 -93.177 -18.533
-17.707 -108 -35.925
-2.7072 -107.94 -35.925
12.293 -107.89 -35.925
-2.653 -122.94 -35.925
-17.599 -138 -35.925
-2.5988 -137.94 -35.925
12.401 -137.89 -35.925
-34.157 -138 -65.867
-33.878 -138.01 -50.925
-34.157 -138 -35.983
-33.932 -123.06 -35.973
-33.932 -123.06 -65.877
-34.265 -108.12 -35.983
-33.653 -123.06 -50.925
-33.986 -108.1 -50.925
12.235 -107.95 -82.484
12.299 -122.89 -82.205
12.343 -137.83 -82.484
-2.707 -107.99 -82.205
-2.653 -122.94 -81.925
-2.599 -137.9 -82.205
-17.541 -137.94 -82.484
-17.649 -108.06 -82.484
12.396 -152.5 -65.867
12.405 -152.22 -50.925
12.396 -152.5 -35.983
-2.547 -152.28 -65.877
-2.548 -152 -50.925
-2.547 -152.28 -35.973
-17.488 -152.61 -65.867
-17.499 -152.33 -50.925
-17.488 -152.61 -35.983
-17.702 -93.386 -35.983
-17.711 -93.665 -50.925
-17.702 -93.386 -65.867
-2.759 -93.611 -35.973
-2.758 -93.891 -50.925
-2.759 -93.611 -65.877
12.182 -93.278 -35.983
12.193 -93.557 -50.925
12.182 -93.278 -65.867
30.509 -166.51 -84.621
-35.5 -166.75 -84.621
-35.5 -166.75 -17.229
30.509 -166.51 -17.229
29.125 -166.43 -36.014
28.857 -166.42 -50.925
29.125 -166.43 -65.836
12.076 -165.8 -83.317
-2.4986 -165.66 -83.04
-17.071 -165.9 -83.317
-34.116 -166.66 -65.836
-33.848 -166.65 -50.925
-34.116 -166.66 -36.014
12.076 -165.8 -18.533
-2.4986 -165.66 -18.81
-17.071 -165.9 -18.533
12.101 -165.8 -65.867
12.104 -165.8 -50.925
12.101 -165.8 -35.983
-2.4986 -165.66 -65.877
-2.4986 -165.66 -50.925
-2.4986 -165.66 -35.973
-17.097 -165.9 -65.867
-17.1 -165.91 -50.925
-17.097 -165.9 -35.983
